100 30 18 27
-1
-1
-1
21 27 -1
2 18 -1
2 14 19 26 30 -1
16 -1
3 11 20 21 -1
13 15 -1
24 25 28 -1
3 13 -1
24 -1
25 -1
6 14 -1
11 12 20 30 -1
6 -1
12 -1
14 -1
23 -1
5 18 30 -1
-1
1 -1
2 4 17 28 -1
2 4 -1
-1
-1
10 -1
1 16 -1
1 -1
1 -1
-1
10 21 28 -1
8 -1
2 6 -1
19 -1
-1
-1
8 12 13 -1
25 -1
20 -1
2 -1
26 -1
1 -1
8 9 17 -1
22 26 -1
12 24 -1
12 -1
9 18 28 -1
21 25 -1
7 10 18 21 -1
-1
-1
9 -1
17 20 -1
19 -1
26 30 -1
-1
3 5 10 -1
23 -1
6 28 -1
30 -1
19 -1
21 -1
-1
10 -1
27 -1
30 -1
-1
6 -1
12 -1
18 -1
9 -1
-1
18 -1
3 -1
10 26 -1
27 28 -1
6 19 27 -1
3 7 -1
2 12 -1
8 -1
3 -1
-1
16 -1
10 27 28 30 -1
13 -1
26 -1
3 28 -1
28 -1
-1
17 -1
-1
18 -1
4 -1
2 3 23 -1
2 9 12 -1
2 8 18 -1
11 30 -1
4 11 25 -1
10 20 -1
