200 50 37 50
-1
-1
11 17 22 38 -1
2 14 19 26 30 46 -1
13 21 30 31 -1
3 5 44 45 48 -1
3 13 -1
4 35 46 -1
4 31 32 40 50 -1
6 42 -1
24 -1
13 25 38 50 -1
31 -1
12 14 27 38 42 44 -1
-1
40 -1
11 26 41 -1
21 -1
40 -1
1 8 18 42 46 -1
39 -1
-1
18 22 23 -1
15 40 -1
2 -1
6 11 48 49 -1
7 42 46 -1
12 24 42 -1
19 28 38 -1
11 15 27 30 38 41 -1
-1
19 -1
7 10 39 -1
26 30 -1
13 15 20 -1
13 26 48 -1
30 49 -1
31 -1
30 -1
27 -1
10 46 -1
32 -1
18 39 -1
-1
8 23 -1
10 26 -1
7 8 16 29 37 43 47 -1
22 32 -1
8 33 -1
-1
6 30 47 48 50 -1
13 -1
6 13 38 -1
18 -1
17 -1
28 44 -1
22 23 43 -1
2 9 12 32 38 48 -1
21 40 44 -1
1 15 30 40 -1
20 28 47 -1
-1
4 30 33 36 -1
34 42 49 -1
47 -1
28 35 -1
10 15 18 30 -1
15 28 -1
2 -1
13 40 41 -1
21 -1
24 -1
1 18 26 31 33 36 42 45 47 -1
24 37 -1
8 -1
31 -1
27 50 -1
20 40 41 -1
6 30 48 -1
17 20 33 47 -1
7 -1
1 3 24 29 31 37 -1
2 40 -1
1 2 9 31 -1
8 14 38 -1
5 11 25 38 -1
47 50 -1
30 -1
4 12 23 36 38 41 45 49 -1
8 42 49 -1
12 25 -1
32 45 50 -1
2 30 34 35 40 -1
37 40 -1
40 41 -1
12 31 50 -1
1 3 8 14 -1
26 34 43 50 -1
31 39 -1
14 -1
24 31 32 -1
4 18 24 50 -1
17 19 27 29 37 39 47 50 -1
25 -1
4 23 48 -1
18 29 -1
8 -1
19 -1
2 16 18 26 27 -1
18 -1
17 24 -1
4 46 -1
15 47 -1
8 9 45 -1
10 -1
9 29 -1
16 20 24 -1
17 -1
2 11 36 -1
9 17 23 27 35 43 45 -1
24 -1
-1
22 24 34 35 -1
16 22 25 30 45 -1
2 6 -1
7 27 -1
25 26 -1
14 21 33 43 45 -1
33 39 -1
3 41 49 -1
24 41 43 -1
2 -1
3 29 33 -1
-1
6 25 -1
12 23 -1
18 19 -1
-1
26 -1
17 28 48 -1
13 40 -1
7 19 24 -1
1 6 15 34 -1
13 17 33 -1
7 13 30 -1
20 -1
45 -1
-1
15 23 -1
20 34 36 45 46 -1
5 31 -1
8 12 28 -1
4 7 27 41 50 -1
19 38 -1
22 41 -1
13 23 46 -1
12 -1
4 14 43 46 50 -1
2 9 21 47 -1
20 -1
10 46 -1
21 26 -1
44 50 -1
4 50 -1
4 5 31 42 -1
9 19 23 39 -1
4 12 26 39 -1
1 5 37 -1
25 -1
2 13 18 26 28 -1
5 29 -1
20 21 38 -1
6 9 10 19 29 -1
30 40 -1
17 31 34 40 -1
-1
12 42 -1
-1
4 5 13 26 -1
6 47 -1
3 27 45 -1
14 -1
7 11 19 43 45 -1
50 -1
8 -1
17 46 -1
15 27 -1
6 39 46 -1
45 -1
3 20 33 -1
43 -1
2 14 47 -1
17 -1
20 42 -1
9 22 35 -1
23 35 38 42 -1
6 7 14 28 47 -1
11 17 26 43 -1
8 -1
1 2 -1
