200 100 37 50
-1
11 17 22 38 52 64 69 76 80 96 -1
13 21 30 31 53 55 94 95 98 -1
3 13 54 85 96 -1
4 31 32 40 50 56 92 -1
24 63 75 88 100 -1
31 62 64 77 88 92 94 -1
90 -1
11 26 41 71 -1
40 51 58 68 92 96 -1
39 -1
18 22 23 65 90 -1
2 56 61 98 99 -1
7 42 46 62 74 92 -1
19 28 38 61 65 77 80 88 91 -1
69 -1
7 10 39 76 80 -1
13 15 20 63 76 98 -1
30 49 81 -1
30 77 -1
10 46 82 -1
18 39 -1
8 23 60 76 -1
7 8 16 29 37 43 47 72 82 -1
8 33 -1
6 30 47 48 50 63 -1
6 13 38 68 -1
17 78 94 -1
22 23 43 52 59 62 82 88 98 -1
21 40 44 51 65 80 90 -1
20 28 47 -1
4 30 33 36 84 92 99 -1
47 78 85 -1
10 15 18 30 65 78 -1
2 63 90 91 -1
21 74 -1
1 18 26 31 33 36 42 45 47 74 87 -1
8 81 -1
27 50 70 90 91 -1
6 30 48 67 70 83 97 -1
7 51 53 74 79 81 87 -1
2 40 51 52 59 81 -1
8 14 38 55 61 75 88 -1
47 50 80 -1
4 12 23 36 38 41 45 49 58 92 99 -1
12 25 82 95 100 -1
2 30 34 35 40 87 90 -1
40 41 62 81 100 -1
1 3 8 14 76 84 93 100 -1
31 39 64 -1
24 31 32 54 68 74 100 -1
17 19 27 29 37 39 47 50 75 -1
4 23 48 68 79 -1
8 69 -1
2 16 18 26 27 68 -1
17 24 54 96 -1
15 47 58 59 95 -1
10 59 79 -1
16 20 24 67 -1
2 11 36 59 67 73 77 85 93 95 -1
24 -1
22 24 34 35 66 72 75 80 95 -1
2 6 57 77 -1
25 26 64 71 83 93 95 -1
33 39 53 91 99 -1
24 41 43 52 -1
3 29 33 -1
6 25 62 73 -1
18 19 -1
26 67 78 98 -1
13 40 57 69 74 -1
1 6 15 34 63 67 83 -1
7 13 30 70 -1
45 -1
15 23 70 84 86 95 96 -1
5 31 58 62 78 -1
4 7 27 41 50 69 88 -1
22 41 63 73 96 -1
12 54 64 93 96 100 -1
2 9 21 47 70 -1
10 46 71 76 -1
44 50 54 100 -1
4 5 31 42 59 69 73 89 -1
4 12 26 39 51 55 87 -1
25 52 63 68 76 78 -1
5 29 70 71 88 -1
6 9 10 19 29 80 90 -1
17 31 34 40 -1
12 42 -1
4 5 13 26 56 97 -1
3 27 45 64 -1
7 11 19 43 45 100 -1
8 67 96 -1
15 27 56 89 96 -1
45 53 70 83 -1
43 52 64 97 -1
17 70 92 -1
9 22 35 73 85 88 92 -1
6 7 14 28 47 61 67 76 93 -1
8 51 52 -1
44 55 64 88 97 -1
46 85 90 -1
1 55 68 80 81 100 -1
22 79 86 -1
52 59 71 90 98 -1
4 22 31 43 -1
10 17 31 51 92 -1
6 11 34 48 -1
57 83 -1
2 25 43 54 65 66 76 79 87 -1
49 57 96 97 -1
16 19 56 62 73 -1
95 -1
9 50 76 81 -1
2 11 29 41 45 88 89 100 -1
6 12 30 98 -1
11 14 18 26 37 43 73 84 91 93 -1
15 44 72 88 96 -1
35 61 72 -1
2 21 25 72 -1
14 55 83 -1
27 56 57 -1
2 9 13 16 23 26 95 -1
38 60 75 -1
9 26 49 59 81 -1
22 26 52 75 76 -1
3 7 14 93 97 100 -1
8 29 77 -1
4 13 25 42 79 95 -1
36 37 38 60 69 81 90 96 -1
10 38 40 46 61 87 90 94 -1
9 38 50 -1
15 41 44 55 77 -1
3 16 26 41 67 84 89 -1
35 76 86 -1
23 39 74 88 -1
24 26 37 40 69 -1
23 24 60 -1
5 40 62 72 76 80 -1
14 15 38 51 71 85 100 -1
5 22 31 32 41 43 86 87 -1
3 21 72 100 -1
15 17 20 40 42 49 60 -1
12 31 55 75 94 -1
1 22 31 60 71 93 -1
43 64 83 -1
3 31 40 60 65 72 80 97 -1
35 83 -1
8 13 20 -1
3 24 82 -1
40 47 67 75 83 -1
9 24 63 67 68 75 89 95 100 -1
3 14 46 71 77 -1
59 90 92 -1
1 7 22 48 70 80 94 100 -1
4 36 50 66 91 93 -1
5 20 26 39 52 -1
57 59 66 72 83 -1
26 36 52 54 59 62 -1
1 16 30 44 68 -1
3 21 31 47 58 92 -1
14 33 45 57 -1
27 33 42 56 60 -1
8 38 -1
37 65 99 -1
9 18 22 58 59 78 96 97 -1
33 34 45 72 73 97 -1
4 8 12 31 36 59 67 73 93 -1
18 31 34 39 -1
4 8 9 29 77 -1
33 47 59 64 75 86 -1
1 7 14 -1
13 45 53 79 86 -1
9 18 40 78 -1
7 36 39 56 -1
10 26 31 40 44 56 78 86 100 -1
1 6 13 53 81 -1
9 21 81 -1
9 39 43 53 96 100 -1
39 49 -1
18 53 78 -1
16 59 91 -1
25 26 44 56 69 76 94 -1
5 23 34 75 -1
29 32 51 85 -1
7 30 38 49 53 68 85 92 -1
9 30 -1
11 15 18 19 30 38 48 53 81 86 93 -1
3 15 37 41 71 87 90 -1
25 42 77 85 89 92 93 -1
1 4 10 19 25 -1
19 46 84 91 100 -1
12 45 54 58 61 -1
20 21 22 37 78 -1
10 38 40 47 86 95 -1
15 16 17 19 22 28 38 45 49 71 94 -1
14 15 24 36 47 63 83 84 -1
69 -1
51 56 80 -1
65 70 77 80 83 95 -1
