500 50 97 115
-1
-1
11 17 22 38 -1
2 14 19 26 30 46 -1
13 21 30 31 -1
3 5 44 45 48 -1
3 13 -1
4 35 46 -1
4 31 32 40 50 -1
6 42 -1
24 -1
13 25 38 50 -1
31 -1
12 14 27 38 42 44 -1
-1
40 -1
11 26 41 -1
21 -1
40 -1
1 8 18 42 46 -1
39 -1
-1
18 22 23 -1
15 40 -1
2 -1
6 11 48 49 -1
7 42 46 -1
12 24 42 -1
19 28 38 -1
11 15 27 30 38 41 -1
-1
19 -1
7 10 39 -1
26 30 -1
13 15 20 -1
13 26 48 -1
30 49 -1
31 -1
30 -1
27 -1
10 46 -1
32 -1
18 39 -1
-1
8 23 -1
10 26 -1
7 8 16 29 37 43 47 -1
22 32 -1
8 33 -1
-1
6 30 47 48 50 -1
13 -1
6 13 38 -1
18 -1
17 -1
28 44 -1
22 23 43 -1
2 9 12 32 38 48 -1
21 40 44 -1
1 15 30 40 -1
20 28 47 -1
-1
4 30 33 36 -1
34 42 49 -1
47 -1
28 35 -1
10 15 18 30 -1
15 28 -1
2 -1
13 40 41 -1
21 -1
24 -1
1 18 26 31 33 36 42 45 47 -1
24 37 -1
8 -1
31 -1
27 50 -1
20 40 41 -1
6 30 48 -1
17 20 33 47 -1
7 -1
1 3 24 29 31 37 -1
2 40 -1
1 2 9 31 -1
8 14 38 -1
5 11 25 38 -1
47 50 -1
30 -1
4 12 23 36 38 41 45 49 -1
8 42 49 -1
12 25 -1
32 45 50 -1
2 30 34 35 40 -1
37 40 -1
40 41 -1
12 31 50 -1
1 3 8 14 -1
26 34 43 50 -1
31 39 -1
14 -1
24 31 32 -1
4 18 24 50 -1
17 19 27 29 37 39 47 50 -1
25 -1
4 23 48 -1
18 29 -1
8 -1
19 -1
2 16 18 26 27 -1
18 -1
17 24 -1
4 46 -1
15 47 -1
8 9 45 -1
10 -1
9 29 -1
16 20 24 -1
17 -1
2 11 36 -1
9 17 23 27 35 43 45 -1
24 -1
-1
22 24 34 35 -1
16 22 25 30 45 -1
2 6 -1
7 27 -1
25 26 -1
14 21 33 43 45 -1
33 39 -1
3 41 49 -1
24 41 43 -1
2 -1
3 29 33 -1
-1
6 25 -1
12 23 -1
18 19 -1
-1
26 -1
17 28 48 -1
13 40 -1
7 19 24 -1
1 6 15 34 -1
13 17 33 -1
7 13 30 -1
20 -1
45 -1
-1
15 23 -1
20 34 36 45 46 -1
5 31 -1
8 12 28 -1
4 7 27 41 50 -1
19 38 -1
22 41 -1
13 23 46 -1
12 -1
4 14 43 46 50 -1
2 9 21 47 -1
20 -1
10 46 -1
21 26 -1
44 50 -1
4 50 -1
4 5 31 42 -1
9 19 23 39 -1
4 12 26 39 -1
1 5 37 -1
25 -1
2 13 18 26 28 -1
5 29 -1
20 21 38 -1
6 9 10 19 29 -1
30 40 -1
17 31 34 40 -1
-1
12 42 -1
-1
4 5 13 26 -1
6 47 -1
3 27 45 -1
14 -1
7 11 19 43 45 -1
50 -1
8 -1
17 46 -1
15 27 -1
6 39 46 -1
45 -1
3 20 33 -1
43 -1
2 14 47 -1
17 -1
20 42 -1
9 22 35 -1
23 35 38 42 -1
6 7 14 28 47 -1
11 17 26 43 -1
8 -1
1 2 -1
44 -1
5 14 38 47 -1
46 -1
35 40 -1
1 -1
5 18 30 31 50 -1
22 -1
29 36 -1
-1
2 9 21 40 48 -1
4 22 31 43 -1
-1
10 17 31 -1
1 42 -1
6 11 34 48 -1
-1
-1
7 33 -1
2 25 43 -1
4 15 16 26 29 37 -1
49 -1
7 46 47 -1
16 19 -1
6 12 23 -1
-1
45 -1
9 50 -1
26 31 -1
2 11 29 41 45 -1
38 39 50 -1
6 12 30 -1
48 -1
11 14 18 26 37 43 -1
23 34 41 43 -1
15 44 -1
22 38 46 -1
35 -1
11 22 -1
2 21 25 -1
22 -1
14 -1
5 33 -1
27 -1
6 7 -1
2 9 13 16 23 26 -1
45 -1
38 -1
10 25 -1
9 26 49 -1
9 31 -1
22 26 -1
2 25 26 -1
3 7 14 -1
43 47 50 -1
8 29 -1
27 -1
4 13 25 42 -1
29 45 -1
36 37 38 -1
10 19 31 40 46 -1
10 38 40 46 -1
11 37 40 44 -1
9 38 50 -1
-1
15 41 44 -1
5 27 -1
3 16 26 41 -1
17 34 39 -1
35 -1
26 36 -1
23 39 -1
24 38 -1
24 26 37 40 -1
19 -1
23 24 -1
10 -1
5 40 -1
12 22 26 30 -1
14 15 38 -1
1 21 35 50 -1
5 22 31 32 41 43 -1
36 37 -1
3 21 -1
22 50 -1
15 17 20 40 42 49 -1
10 -1
12 31 -1
5 25 44 -1
1 22 31 -1
10 21 43 -1
43 -1
14 33 -1
3 31 40 -1
10 15 22 30 47 -1
35 -1
33 -1
8 13 20 -1
-1
3 24 -1
32 -1
40 47 -1
17 25 33 -1
9 24 -1
13 17 18 25 39 45 50 -1
3 14 46 -1
21 27 -1
-1
9 40 42 -1
1 7 22 48 -1
20 30 44 50 -1
4 36 50 -1
16 41 43 -1
5 20 26 39 -1
2 -1
-1
7 9 16 22 33 -1
26 36 -1
2 4 9 12 -1
1 16 30 44 -1
18 -1
3 21 31 47 -1
8 42 -1
14 33 45 -1
7 -1
27 33 42 -1
6 10 -1
8 38 -1
-1
37 -1
15 49 -1
9 18 22 -1
8 9 28 46 47 -1
33 34 45 -1
22 23 47 -1
4 8 12 31 36 -1
9 17 23 43 -1
18 31 34 39 -1
-1
4 8 9 29 -1
27 -1
33 47 -1
9 14 25 36 -1
1 7 14 -1
-1
13 45 -1
3 29 36 -1
9 18 40 -1
28 -1
7 36 39 -1
6 -1
10 26 31 40 44 -1
6 28 36 50 -1
1 6 13 -1
3 31 -1
9 21 -1
31 -1
9 39 43 -1
3 46 50 -1
39 49 -1
-1
18 -1
3 28 -1
16 -1
9 41 -1
25 26 44 -1
6 19 26 44 -1
5 23 34 -1
25 -1
29 32 -1
1 35 -1
7 30 38 49 -1
3 18 35 42 -1
9 30 -1
-1
11 15 18 19 30 38 48 -1
3 31 36 43 -1
3 15 37 41 -1
21 37 40 -1
25 42 -1
27 35 39 42 43 -1
1 4 10 19 25 -1
-1
19 46 -1
34 41 50 -1
12 45 -1
4 8 11 -1
20 21 22 37 -1
28 -1
10 38 40 47 -1
36 45 -1
15 16 17 19 22 28 38 45 49 -1
21 44 -1
14 15 24 36 47 -1
13 33 34 -1
-1
19 -1
-1
1 6 30 -1
-1
15 20 27 30 33 45 -1
1 46 -1
9 18 27 50 -1
1 -1
5 8 12 13 -1
25 35 42 50 -1
-1
3 18 23 30 -1
1 6 11 12 44 45 -1
-1
10 16 40 -1
4 20 32 42 -1
5 14 39 43 49 -1
5 13 36 41 -1
10 20 30 33 46 48 -1
8 10 18 46 -1
-1
4 9 36 37 47 -1
1 -1
-1
-1
9 20 28 35 48 -1
1 26 30 -1
7 19 31 44 -1
24 28 -1
20 23 28 -1
21 26 44 -1
28 39 -1
21 31 35 -1
23 28 32 -1
40 47 -1
9 25 31 47 -1
7 10 -1
15 -1
-1
-1
1 -1
-1
-1
16 25 43 45 -1
5 11 -1
42 -1
42 -1
31 -1
18 -1
1 21 37 49 -1
10 11 30 39 -1
9 -1
8 37 -1
2 32 42 -1
21 -1
6 16 26 33 46 -1
-1
16 -1
2 36 -1
4 23 32 -1
14 17 25 29 45 -1
6 27 35 -1
29 34 38 -1
13 27 28 40 42 -1
17 46 -1
20 23 30 35 42 -1
17 -1
31 40 49 -1
16 20 -1
3 4 9 -1
-1
13 18 38 44 -1
31 44 -1
12 -1
2 6 44 -1
4 -1
8 37 39 -1
9 -1
-1
31 -1
6 24 29 46 -1
35 -1
40 -1
40 -1
21 -1
13 48 -1
13 15 21 23 24 49 -1
6 35 39 -1
-1
21 24 -1
-1
16 47 -1
4 6 9 22 28 32 -1
4 17 23 40 -1
6 11 20 -1
1 25 41 48 -1
1 20 36 39 49 -1
3 9 21 36 47 -1
-1
9 12 30 -1
33 -1
1 3 12 21 -1
35 43 -1
19 29 37 50 -1
18 -1
