250 30 47 61
-1
-1
-1
21 27 -1
2 18 -1
2 14 19 26 30 -1
16 -1
3 11 20 21 -1
13 15 -1
24 25 28 -1
3 13 -1
24 -1
25 -1
6 14 -1
11 12 20 30 -1
6 -1
12 -1
14 -1
23 -1
5 18 30 -1
-1
1 -1
2 4 17 28 -1
2 4 -1
-1
-1
10 -1
1 16 -1
1 -1
1 -1
-1
10 21 28 -1
8 -1
2 6 -1
19 -1
-1
-1
8 12 13 -1
25 -1
20 -1
2 -1
26 -1
1 -1
8 9 17 -1
22 26 -1
12 24 -1
12 -1
9 18 28 -1
21 25 -1
7 10 18 21 -1
-1
-1
9 -1
17 20 -1
19 -1
26 30 -1
-1
3 5 10 -1
23 -1
6 28 -1
30 -1
19 -1
21 -1
-1
10 -1
27 -1
30 -1
-1
6 -1
12 -1
18 -1
9 -1
-1
18 -1
3 -1
10 26 -1
27 28 -1
6 19 27 -1
3 7 -1
2 12 -1
8 -1
3 -1
-1
16 -1
10 27 28 30 -1
13 -1
26 -1
3 28 -1
28 -1
-1
17 -1
-1
18 -1
4 -1
2 3 23 -1
2 9 12 -1
2 8 18 -1
11 30 -1
4 11 25 -1
10 20 -1
20 28 -1
17 -1
-1
14 -1
10 13 16 -1
-1
4 12 19 -1
-1
7 -1
8 15 -1
10 15 18 30 -1
-1
5 18 -1
12 -1
-1
13 -1
10 11 -1
11 -1
-1
4 -1
1 18 26 -1
1 3 6 12 15 17 -1
14 27 -1
18 -1
-1
-1
1 -1
17 -1
10 30 -1
20 21 -1
6 30 -1
18 -1
7 10 23 -1
7 17 -1
-1
1 3 24 29 -1
1 7 22 -1
30 -1
11 12 19 -1
11 -1
8 14 -1
8 25 -1
1 15 28 -1
-1
27 30 -1
30 -1
24 -1
2 13 26 28 -1
1 5 9 18 -1
22 29 -1
12 25 -1
-1
22 -1
5 10 12 -1
10 14 15 20 -1
-1
7 10 -1
30 -1
1 22 -1
11 30 -1
1 3 8 14 -1
-1
16 24 -1
3 10 -1
11 19 -1
14 -1
-1
14 21 22 -1
14 28 -1
4 30 -1
17 19 27 29 -1
7 9 17 20 -1
15 -1
14 -1
3 28 -1
18 29 -1
28 -1
-1
29 -1
-1
2 16 18 26 27 -1
-1
8 -1
27 -1
4 -1
4 -1
16 -1
5 -1
7 18 19 -1
25 -1
10 -1
29 -1
19 -1
26 30 -1
4 -1
17 -1
22 -1
1 26 -1
19 27 -1
3 7 15 23 25 -1
24 -1
-1
-1
-1
2 4 14 15 -1
16 22 25 30 -1
15 22 26 -1
-1
17 -1
7 -1
25 26 -1
-1
4 11 23 -1
3 5 -1
13 19 -1
3 -1
11 19 -1
14 -1
1 3 12 -1
-1
3 29 -1
3 -1
-1
16 -1
5 -1
12 23 -1
-1
8 9 -1
-1
-1
26 -1
-1
7 18 -1
8 23 -1
20 -1
7 19 24 -1
21 26 -1
5 24 -1
23 27 -1
13 -1
7 13 30 -1
-1
10 -1
-1
25 -1
-1
-1
5 13 -1
30 -1
14 16 25 26 -1
