500 100 97 115
-1
11 17 22 38 52 64 69 76 80 96 -1
13 21 30 31 53 55 94 95 98 -1
3 13 54 85 96 -1
4 31 32 40 50 56 92 -1
24 63 75 88 100 -1
31 62 64 77 88 92 94 -1
90 -1
11 26 41 71 -1
40 51 58 68 92 96 -1
39 -1
18 22 23 65 90 -1
2 56 61 98 99 -1
7 42 46 62 74 92 -1
19 28 38 61 65 77 80 88 91 -1
69 -1
7 10 39 76 80 -1
13 15 20 63 76 98 -1
30 49 81 -1
30 77 -1
10 46 82 -1
18 39 -1
8 23 60 76 -1
7 8 16 29 37 43 47 72 82 -1
8 33 -1
6 30 47 48 50 63 -1
6 13 38 68 -1
17 78 94 -1
22 23 43 52 59 62 82 88 98 -1
21 40 44 51 65 80 90 -1
20 28 47 -1
4 30 33 36 84 92 99 -1
47 78 85 -1
10 15 18 30 65 78 -1
2 63 90 91 -1
21 74 -1
1 18 26 31 33 36 42 45 47 74 87 -1
8 81 -1
27 50 70 90 91 -1
6 30 48 67 70 83 97 -1
7 51 53 74 79 81 87 -1
2 40 51 52 59 81 -1
8 14 38 55 61 75 88 -1
47 50 80 -1
4 12 23 36 38 41 45 49 58 92 99 -1
12 25 82 95 100 -1
2 30 34 35 40 87 90 -1
40 41 62 81 100 -1
1 3 8 14 76 84 93 100 -1
31 39 64 -1
24 31 32 54 68 74 100 -1
17 19 27 29 37 39 47 50 75 -1
4 23 48 68 79 -1
8 69 -1
2 16 18 26 27 68 -1
17 24 54 96 -1
15 47 58 59 95 -1
10 59 79 -1
16 20 24 67 -1
2 11 36 59 67 73 77 85 93 95 -1
24 -1
22 24 34 35 66 72 75 80 95 -1
2 6 57 77 -1
25 26 64 71 83 93 95 -1
33 39 53 91 99 -1
24 41 43 52 -1
3 29 33 -1
6 25 62 73 -1
18 19 -1
26 67 78 98 -1
13 40 57 69 74 -1
1 6 15 34 63 67 83 -1
7 13 30 70 -1
45 -1
15 23 70 84 86 95 96 -1
5 31 58 62 78 -1
4 7 27 41 50 69 88 -1
22 41 63 73 96 -1
12 54 64 93 96 100 -1
2 9 21 47 70 -1
10 46 71 76 -1
44 50 54 100 -1
4 5 31 42 59 69 73 89 -1
4 12 26 39 51 55 87 -1
25 52 63 68 76 78 -1
5 29 70 71 88 -1
6 9 10 19 29 80 90 -1
17 31 34 40 -1
12 42 -1
4 5 13 26 56 97 -1
3 27 45 64 -1
7 11 19 43 45 100 -1
8 67 96 -1
15 27 56 89 96 -1
45 53 70 83 -1
43 52 64 97 -1
17 70 92 -1
9 22 35 73 85 88 92 -1
6 7 14 28 47 61 67 76 93 -1
8 51 52 -1
44 55 64 88 97 -1
46 85 90 -1
1 55 68 80 81 100 -1
22 79 86 -1
52 59 71 90 98 -1
4 22 31 43 -1
10 17 31 51 92 -1
6 11 34 48 -1
57 83 -1
2 25 43 54 65 66 76 79 87 -1
49 57 96 97 -1
16 19 56 62 73 -1
95 -1
9 50 76 81 -1
2 11 29 41 45 88 89 100 -1
6 12 30 98 -1
11 14 18 26 37 43 73 84 91 93 -1
15 44 72 88 96 -1
35 61 72 -1
2 21 25 72 -1
14 55 83 -1
27 56 57 -1
2 9 13 16 23 26 95 -1
38 60 75 -1
9 26 49 59 81 -1
22 26 52 75 76 -1
3 7 14 93 97 100 -1
8 29 77 -1
4 13 25 42 79 95 -1
36 37 38 60 69 81 90 96 -1
10 38 40 46 61 87 90 94 -1
9 38 50 -1
15 41 44 55 77 -1
3 16 26 41 67 84 89 -1
35 76 86 -1
23 39 74 88 -1
24 26 37 40 69 -1
23 24 60 -1
5 40 62 72 76 80 -1
14 15 38 51 71 85 100 -1
5 22 31 32 41 43 86 87 -1
3 21 72 100 -1
15 17 20 40 42 49 60 -1
12 31 55 75 94 -1
1 22 31 60 71 93 -1
43 64 83 -1
3 31 40 60 65 72 80 97 -1
35 83 -1
8 13 20 -1
3 24 82 -1
40 47 67 75 83 -1
9 24 63 67 68 75 89 95 100 -1
3 14 46 71 77 -1
59 90 92 -1
1 7 22 48 70 80 94 100 -1
4 36 50 66 91 93 -1
5 20 26 39 52 -1
57 59 66 72 83 -1
26 36 52 54 59 62 -1
1 16 30 44 68 -1
3 21 31 47 58 92 -1
14 33 45 57 -1
27 33 42 56 60 -1
8 38 -1
37 65 99 -1
9 18 22 58 59 78 96 97 -1
33 34 45 72 73 97 -1
4 8 12 31 36 59 67 73 93 -1
18 31 34 39 -1
4 8 9 29 77 -1
33 47 59 64 75 86 -1
1 7 14 -1
13 45 53 79 86 -1
9 18 40 78 -1
7 36 39 56 -1
10 26 31 40 44 56 78 86 100 -1
1 6 13 53 81 -1
9 21 81 -1
9 39 43 53 96 100 -1
39 49 -1
18 53 78 -1
16 59 91 -1
25 26 44 56 69 76 94 -1
5 23 34 75 -1
29 32 51 85 -1
7 30 38 49 53 68 85 92 -1
9 30 -1
11 15 18 19 30 38 48 53 81 86 93 -1
3 15 37 41 71 87 90 -1
25 42 77 85 89 92 93 -1
1 4 10 19 25 -1
19 46 84 91 100 -1
12 45 54 58 61 -1
20 21 22 37 78 -1
10 38 40 47 86 95 -1
15 16 17 19 22 28 38 45 49 71 94 -1
14 15 24 36 47 63 83 84 -1
69 -1
51 56 80 -1
65 70 77 80 83 95 -1
1 46 59 68 77 100 -1
1 55 58 62 63 -1
25 35 42 50 -1
3 18 23 30 51 56 61 62 94 95 -1
60 66 90 -1
4 20 32 42 55 64 89 93 99 -1
5 13 36 41 60 70 80 83 96 98 -1
8 10 18 46 -1
4 9 36 37 47 51 -1
-1
9 20 28 35 48 51 76 80 -1
7 19 31 44 74 78 -1
20 23 28 71 76 94 -1
28 39 71 81 85 -1
23 28 32 90 97 -1
9 25 31 47 57 60 -1
15 -1
51 -1
-1
16 25 43 45 55 61 -1
42 92 -1
31 68 -1
1 21 37 49 60 61 80 89 -1
9 58 87 -1
2 32 42 71 -1
6 16 26 33 46 -1
16 52 86 -1
4 23 32 64 67 75 79 95 -1
6 27 35 79 84 88 -1
13 27 28 40 42 67 96 -1
20 23 30 35 42 67 -1
31 40 49 66 70 -1
3 4 9 -1
13 18 38 44 81 94 -1
12 52 56 94 -1
4 58 87 89 -1
9 -1
31 56 74 79 96 -1
35 90 -1
40 71 -1
13 48 63 65 71 73 74 99 -1
6 35 39 -1
21 24 -1
16 47 54 56 59 72 78 82 -1
4 17 23 40 56 61 70 -1
1 25 41 48 51 70 86 89 99 -1
3 9 21 36 47 -1
9 12 30 83 -1
1 3 12 21 85 93 -1
19 29 37 50 68 -1
16 73 85 89 94 -1
15 19 23 28 61 63 96 -1
16 53 64 79 -1
14 44 89 -1
14 28 31 64 87 -1
20 40 77 91 -1
8 22 23 35 41 80 -1
22 27 46 58 88 91 94 -1
1 3 20 61 66 74 77 87 -1
13 19 27 79 93 -1
75 -1
17 22 60 73 77 -1
19 72 80 -1
8 29 52 60 87 -1
35 84 85 -1
30 46 49 54 91 -1
31 42 59 -1
9 16 24 32 50 66 67 72 94 -1
16 24 31 34 53 59 75 84 -1
2 4 14 21 73 -1
28 34 45 69 83 96 -1
15 19 38 45 59 96 97 -1
4 8 17 28 30 42 46 52 85 88 -1
99 -1
3 19 32 41 57 79 -1
30 34 54 90 -1
11 39 65 -1
44 76 -1
38 50 74 -1
13 40 90 -1
8 14 33 47 71 77 79 91 97 -1
17 59 70 -1
45 48 -1
73 85 -1
8 75 84 98 -1
59 74 -1
8 18 29 32 33 64 69 -1
18 40 52 53 59 63 64 66 98 -1
24 31 58 70 79 89 93 -1
2 43 61 74 92 -1
16 28 84 95 -1
5 11 15 34 57 63 81 -1
12 30 58 69 94 -1
44 66 78 82 91 -1
42 51 72 94 96 -1
19 56 81 91 -1
31 92 -1
8 9 12 32 62 70 99 -1
5 35 55 58 72 84 99 -1
5 59 80 -1
18 38 41 55 56 73 99 -1
22 36 77 91 -1
1 24 57 75 80 83 100 -1
33 54 57 58 70 -1
39 -1
1 23 25 37 94 -1
3 10 16 42 52 64 70 -1
67 -1
4 8 25 66 72 73 -1
26 32 42 -1
4 10 58 59 87 100 -1
1 21 37 76 -1
38 51 84 94 -1
29 39 62 91 -1
7 25 39 70 71 -1
27 93 -1
30 -1
32 37 47 58 98 -1
7 33 53 60 90 92 -1
17 50 64 66 68 76 -1
4 9 12 14 50 61 64 71 72 85 94 -1
15 58 72 -1
12 14 24 64 65 -1
46 59 71 79 82 85 86 -1
8 72 92 -1
4 33 40 46 75 80 -1
33 60 80 89 -1
8 11 12 65 71 -1
49 64 -1
91 100 -1
61 93 -1
16 18 22 37 66 87 95 -1
58 94 -1
1 43 70 75 83 -1
27 30 73 94 -1
86 -1
8 14 27 29 38 40 65 81 82 95 96 -1
3 49 70 88 100 -1
18 26 32 50 78 91 -1
94 -1
18 40 62 63 64 66 68 76 83 86 -1
3 21 28 67 91 94 97 -1
11 17 28 96 97 -1
13 19 29 30 31 83 97 -1
44 46 60 72 93 -1
4 10 80 -1
60 65 75 79 -1
22 54 84 -1
11 81 -1
2 13 19 47 69 80 82 89 95 -1
15 24 59 60 89 -1
7 10 33 64 86 -1
20 35 48 55 70 -1
1 5 10 25 29 39 53 66 87 89 96 -1
2 38 51 83 -1
85 91 95 -1
3 63 95 -1
41 53 58 87 95 -1
42 78 89 92 -1
41 46 -1
18 36 37 83 90 91 94 -1
6 9 30 43 59 92 -1
33 45 74 98 -1
55 75 83 98 -1
22 27 43 49 -1
30 69 75 -1
31 78 82 -1
4 15 16 42 58 75 93 -1
1 15 17 25 29 51 59 61 85 98 -1
2 4 12 28 39 80 90 91 -1
10 12 30 80 -1
78 -1
5 6 10 23 58 76 77 100 -1
57 78 96 -1
4 30 42 44 45 56 92 -1
2 21 31 46 47 -1
67 -1
17 21 32 48 50 69 -1
59 67 71 72 84 -1
37 48 62 64 80 85 99 -1
1 54 63 -1
26 87 90 -1
35 51 -1
11 24 31 49 54 -1
17 41 43 50 80 -1
15 18 62 64 87 95 -1
1 5 26 59 70 79 -1
6 8 14 36 63 -1
37 51 69 94 -1
17 38 43 75 97 -1
19 33 38 60 71 -1
10 66 70 98 -1
2 8 19 -1
8 14 47 59 96 100 -1
23 46 58 93 95 -1
87 94 -1
20 75 -1
16 23 45 65 86 97 -1
4 14 31 64 80 -1
57 68 79 91 -1
20 60 68 98 -1
23 29 30 40 60 61 87 90 99 -1
46 77 92 100 -1
5 37 61 -1
10 30 31 36 53 57 66 -1
4 8 -1
4 5 44 45 48 68 -1
3 49 58 66 86 -1
9 31 82 83 94 -1
39 51 64 -1
6 28 39 41 83 90 -1
10 45 67 85 -1
45 86 -1
15 26 40 49 66 72 74 82 83 -1
25 36 45 -1
29 31 78 79 81 96 99 -1
16 35 56 64 76 78 -1
17 22 27 67 95 97 -1
1 22 27 43 65 67 84 85 99 100 -1
45 58 90 93 97 -1
22 63 -1
13 64 80 85 -1
9 53 77 95 -1
7 35 -1
3 4 6 17 21 27 56 68 77 -1
7 22 43 78 -1
8 34 57 87 91 -1
68 -1
2 31 33 53 63 76 92 -1
23 26 37 39 55 63 68 86 98 -1
1 4 11 56 71 96 -1
26 50 52 54 65 74 91 94 -1
37 42 49 82 -1
9 22 30 72 99 -1
8 16 23 30 75 78 88 -1
80 -1
6 11 31 86 -1
6 29 57 69 81 -1
62 -1
52 53 61 75 77 92 -1
9 80 -1
1 26 59 73 87 91 -1
1 6 7 28 35 41 93 100 -1
2 3 73 88 -1
14 64 87 100 -1
9 30 31 86 93 95 -1
4 26 47 50 74 96 -1
2 74 -1
13 22 27 29 34 38 39 57 71 83 88 -1
15 19 29 31 62 69 70 91 -1
37 39 48 49 78 -1
4 8 16 61 99 -1
3 14 15 86 94 -1
18 21 64 65 72 -1
45 48 55 89 -1
7 20 26 51 54 59 68 -1
12 16 32 71 -1
20 33 50 74 95 96 -1
9 49 74 84 -1
48 53 80 97 -1
19 54 74 -1
15 23 55 69 92 -1
9 30 37 61 68 84 85 98 -1
5 6 10 12 16 40 77 81 97 -1
18 41 60 87 -1
8 67 74 -1
3 64 -1
29 42 48 76 -1
2 10 15 26 30 48 85 93 -1
7 36 49 -1
20 53 55 66 89 94 -1
2 55 84 -1
11 44 90 -1
47 58 -1
19 46 63 72 93 -1
4 18 37 -1
7 26 71 93 -1
30 31 35 67 68 79 -1
12 52 53 87 -1
16 24 51 55 88 -1
40 54 58 78 -1
16 51 52 65 -1
17 42 49 50 61 62 71 -1
23 42 49 67 77 80 -1
4 32 35 47 49 74 88 -1
18 23 38 41 45 51 84 -1
1 5 10 52 67 -1
19 39 81 95 -1
11 14 15 55 75 89 99 -1
34 50 74 76 -1
5 13 35 36 61 -1
5 24 48 51 57 60 67 72 -1
33 45 73 88 -1
8 24 46 49 72 95 -1
8 37 43 56 58 -1
5 35 61 -1
23 42 58 72 76 85 -1
6 9 19 25 -1
6 29 35 42 -1
14 26 32 37 100 -1
