250 60 47 61
-1
51 57 -1
2 18 32 44 49 56 60 -1
16 33 41 50 51 -1
13 15 54 55 58 -1
3 13 54 -1
25 36 44 -1
11 12 20 30 36 -1
12 44 -1
23 35 48 60 -1
31 -1
2 4 17 28 32 34 -1
-1
10 31 46 -1
1 31 -1
40 51 58 -1
8 32 36 -1
19 -1
38 42 43 -1
25 50 -1
2 56 -1
1 38 39 47 -1
22 26 42 54 -1
12 39 48 58 -1
21 25 37 40 48 51 -1
-1
9 47 50 -1
19 56 60 -1
33 35 40 -1
23 36 58 -1
30 49 -1
21 -1
10 57 -1
30 -1
6 42 -1
18 39 -1
48 -1
3 40 56 -1
27 28 36 49 57 -1
3 7 32 42 -1
8 33 -1
46 -1
10 27 28 30 43 -1
26 33 58 -1
28 -1
17 -1
18 34 -1
2 3 23 32 39 42 -1
2 8 18 41 60 -1
4 11 25 40 50 -1
20 28 47 -1
44 -1
10 13 16 -1
4 12 19 -1
7 38 45 -1
10 15 18 30 -1
5 18 42 -1
43 -1
10 11 41 -1
34 -1
1 18 26 31 33 36 42 45 47 -1
14 27 48 -1
-1
1 47 -1
10 30 50 51 -1
6 30 48 -1
7 10 23 37 47 -1
31 33 54 59 -1
1 7 22 60 -1
11 12 19 41 -1
8 14 38 55 -1
1 15 28 -1
27 30 60 -1
24 32 43 56 58 -1
1 5 9 18 52 59 -1
12 25 -1
22 35 40 42 -1
10 14 15 20 -1
7 10 60 -1
1 22 41 60 -1
1 3 8 14 -1
16 24 33 40 -1
11 19 44 -1
44 51 52 -1
14 28 34 60 -1
17 19 27 29 37 39 47 50 -1
15 44 -1
3 28 48 59 -1
28 -1
29 -1
2 16 18 26 27 -1
8 57 -1
4 34 -1
16 35 -1
7 18 19 55 -1
10 59 -1
19 56 60 -1
4 47 -1
22 31 56 -1
19 27 33 37 45 53 55 -1
24 -1
-1
2 4 14 15 46 52 55 60 -1
15 22 26 -1
17 37 -1
25 26 -1
4 11 23 33 35 -1
13 19 33 -1
11 19 44 -1
1 3 12 -1
3 29 33 -1
46 -1
5 42 53 -1
38 39 -1
-1
26 -1
7 18 38 53 -1
20 37 49 54 -1
21 26 35 54 -1
23 27 43 -1
7 13 30 -1
10 -1
25 -1
35 43 -1
30 44 46 55 56 -1
5 31 58 -1
2 18 44 47 -1
7 21 30 49 -1
8 42 -1
1 23 33 56 -1
12 54 -1
4 33 36 40 42 49 -1
1 27 50 -1
30 -1
6 31 36 -1
44 50 54 -1
40 44 45 -1
11 22 39 49 53 -1
9 24 32 46 59 -1
11 15 47 -1
25 52 -1
3 8 16 18 45 -1
9 50 51 -1
8 26 29 30 39 49 -1
40 50 -1
17 31 34 40 -1
52 -1
22 -1
24 25 33 46 -1
16 57 -1
3 27 45 -1
4 47 51 59 -1
23 25 -1
20 28 -1
27 56 -1
15 27 56 -1
29 36 -1
25 33 50 -1
3 -1
3 12 24 57 -1
17 -1
10 32 49 -1
2 15 53 -1
5 8 12 26 27 34 48 -1
7 21 27 36 53 -1
8 51 52 -1
-1
24 35 44 -1
8 17 -1
6 45 50 -1
1 55 -1
8 20 21 40 -1
2 59 -1
6 -1
12 19 31 50 58 -1
4 22 31 43 -1
50 57 -1
11 31 -1
12 26 31 54 -1
8 -1
57 -1
23 42 -1
5 23 34 45 46 56 59 -1
7 -1
9 17 56 57 -1
16 19 56 -1
2 13 -1
-1
15 29 -1
10 36 41 -1
2 11 29 41 45 -1
28 29 40 46 52 -1
10 -1
18 31 34 38 46 57 -1
3 33 44 51 53 -1
15 44 -1
12 28 36 -1
15 41 52 -1
22 41 45 -1
32 -1
14 55 -1
23 -1
7 36 37 -1
22 29 33 36 43 46 -1
55 -1
38 60 -1
15 49 -1
6 29 39 -1
1 42 46 -1
12 35 36 -1
3 7 14 -1
33 37 40 48 -1
9 57 -1
24 33 45 -1
2 39 55 -1
36 37 38 60 -1
9 21 30 36 50 -1
18 20 26 41 -1
7 10 14 29 58 -1
10 -1
15 41 44 55 -1
17 43 56 -1
6 21 47 -1
4 9 55 -1
36 46 -1
23 39 -1
14 28 -1
4 6 17 20 49 -1
43 44 -1
20 -1
5 40 -1
2 12 16 20 54 55 -1
18 31 51 -1
5 20 25 42 51 52 -1
1 3 46 47 -1
3 21 -1
12 40 55 57 60 -1
20 22 29 40 -1
32 51 -1
15 35 54 -1
1 22 31 60 -1
11 33 -1
23 44 -1
3 23 51 60 -1
20 25 32 40 57 -1
35 -1
23 48 53 60 -1
-1
23 44 -1
42 -1
