100 60 18 27
-1
51 57 -1
2 18 32 44 49 56 60 -1
16 33 41 50 51 -1
13 15 54 55 58 -1
3 13 54 -1
25 36 44 -1
11 12 20 30 36 -1
12 44 -1
23 35 48 60 -1
31 -1
2 4 17 28 32 34 -1
-1
10 31 46 -1
1 31 -1
40 51 58 -1
8 32 36 -1
19 -1
38 42 43 -1
25 50 -1
2 56 -1
1 38 39 47 -1
22 26 42 54 -1
12 39 48 58 -1
21 25 37 40 48 51 -1
-1
9 47 50 -1
19 56 60 -1
33 35 40 -1
23 36 58 -1
30 49 -1
21 -1
10 57 -1
30 -1
6 42 -1
18 39 -1
48 -1
3 40 56 -1
27 28 36 49 57 -1
3 7 32 42 -1
8 33 -1
46 -1
10 27 28 30 43 -1
26 33 58 -1
28 -1
17 -1
18 34 -1
2 3 23 32 39 42 -1
2 8 18 41 60 -1
4 11 25 40 50 -1
20 28 47 -1
44 -1
10 13 16 -1
4 12 19 -1
7 38 45 -1
10 15 18 30 -1
5 18 42 -1
43 -1
10 11 41 -1
34 -1
1 18 26 31 33 36 42 45 47 -1
14 27 48 -1
-1
1 47 -1
10 30 50 51 -1
6 30 48 -1
7 10 23 37 47 -1
31 33 54 59 -1
1 7 22 60 -1
11 12 19 41 -1
8 14 38 55 -1
1 15 28 -1
27 30 60 -1
24 32 43 56 58 -1
1 5 9 18 52 59 -1
12 25 -1
22 35 40 42 -1
10 14 15 20 -1
7 10 60 -1
1 22 41 60 -1
1 3 8 14 -1
16 24 33 40 -1
11 19 44 -1
44 51 52 -1
14 28 34 60 -1
17 19 27 29 37 39 47 50 -1
15 44 -1
3 28 48 59 -1
28 -1
29 -1
2 16 18 26 27 -1
8 57 -1
4 34 -1
16 35 -1
7 18 19 55 -1
10 59 -1
19 56 60 -1
4 47 -1
22 31 56 -1
19 27 33 37 45 53 55 -1
